40
221
291
20
90
19
114
166
238
111
93
243
244
151
267
74
128
110
103
30
107
6
288
165
57
5
94
91
265
63
158
8
145
188
224
125
82
139
15
117
212
229
173
147
124
42
170
101
121
230
153
21
278
257
69
31
159
88
97
280
239
78
146
120
215
290
116
130
11
99
37
46
45
253
249
28
292
86
132
251
271
92
32
17
172
192
299
33
222
9
80
81
248
227
43
102
187
181
70
98
205
79
225
256
276
126
175
296
189
277
219
200
240
143
62
29
36
246
7
14
263
203
133
298
234
199
71
104
109
237
195
274
89
241
285
186
56
96
26
236
1
178
214
44
112
207
152
47
76
210
23
65
220
190
144
41
287
58
273
261
55
54
39
245
51
264
106
68
247
193
87
83
64
217
53
77
148
294
174
127
232
255
52
34
50
258
201
59
286
100
211
48
269
10
61
216
282
223
138
281
2
67
24
228
259
254
182
283
297
250
169
12
49
0
233
197
163
164
194
289
185
18
268
136
231
75
160
4
13
161
35
293
162
123
134
242
252
272
113
141
25
208
196
183
137
171
142
270
209
95
266
177
184
119
191
150
279
72
295
105
3
179
156
115
66
275
176
284
155
168
262
213
129
122
260
218
204
180
22
73
235
38
154
140
84
202
108
27
149
206
167
60
131
135
118
85
198
16
157
226
