186
28
1
104
207
120
112
182
6
199
201
191
237
197
196
144
106
37
75
121
161
193
97
151
257
2
174
55
205
178
68
62
185
147
212
236
246
231
138
152
210
116
242
175
103
39
239
194
0
10
247
164
63
123
89
187
34
209
283
128
17
108
170
160
141
213
67
179
167
95
251
184
58
18
173
153
230
150
4
80
46
77
21
84
124
168
3
261
165
155
287
163
254
56
271
156
169
192
22
146
122
65
23
50
158
54
66
76
224
49
51
162
82
85
273
135
235
142
263
149
275
101
282
126
266
279
183
256
105
96
130
30
94
129
53
226
268
117
228
99
111
280
258
285
294
137
131
125
284
88
298
20
260
269
264
78
288
240
244
110
181
47
44
133
243
253
245
238
206
296
119
234
27
171
93
233
232
13
188
241
249
291
5
221
229
48
25
176
35
16
69
177
40
211
252
259
113
70
73
204
208
24
198
255
31
222
289
71
114
61
140
215
139
190
148
299
293
14
19
248
297
265
134
45
290
172
127
60
214
250
107
218
203
109
166
7
118
57
195
41
91
12
274
267
90
11
219
202
100
83
8
59
38
72
200
52
270
216
159
74
98
42
292
189
180
32
36
115
157
295
136
262
15
29
92
43
9
217
87
223
81
281
145
26
64
79
154
220
278
33
286
143
227
132
86
272
276
225
102
277
