0
205
10
248
48
132
282
70
192
57
276
243
167
59
16
56
81
199
226
85
208
54
50
152
216
68
190
73
286
231
201
141
166
3
51
185
224
89
72
289
14
140
107
8
211
52
105
244
124
268
256
86
108
209
111
71
232
13
260
148
298
179
11
177
187
262
237
236
150
263
254
117
280
196
164
138
170
277
60
195
20
219
30
139
203
147
293
100
28
122
76
269
143
62
221
24
188
121
266
134
58
136
46
202
230
242
184
239
171
294
214
222
135
44
146
90
200
64
15
292
284
161
274
149
259
42
285
197
55
93
94
53
247
193
287
77
296
176
12
102
45
154
110
157
6
175
169
264
36
144
120
2
47
104
272
151
283
198
228
5
220
34
238
145
207
9
99
189
213
131
126
162
270
233
257
35
98
240
114
165
109
1
137
281
7
245
17
252
4
49
130
67
223
180
160
191
27
229
75
63
112
271
153
22
69
225
96
255
159
273
92
33
95
61
288
80
78
116
129
113
210
19
295
163
215
97
249
66
299
246
278
178
127
182
74
172
183
142
39
29
118
217
227
65
251
241
194
155
21
88
26
297
267
253
261
265
234
212
156
204
32
115
250
206
18
258
38
103
279
119
23
275
31
83
133
82
106
101
79
186
43
25
37
291
87
174
168
40
218
84
125
41
173
128
235
123
181
158
290
91
